IDRebaño;Especie;Raza;Categoria;t;diay;cc
1;2;7;1;121;121;2.5
1;2;7;2;121;121;2.5
1;2;7;3;121;121;2.5
1;2;7;1;486;121;2.5
1;2;7;2;486;121;2.5
1;2;7;3;486;121;2.5
1;2;7;1;851;121;2.5
1;2;7;2;851;121;2.5
1;2;7;3;851;121;2.5
1;2;7;1;1216;121;2.5
1;2;7;2;1216;121;2.5
1;2;7;3;1216;121;2.5
1;2;7;1;1581;121;2.5
1;2;7;2;1581;121;2.5
1;2;7;3;1581;121;2.5
1;2;7;1;1946;121;2.5
1;2;7;2;1946;121;2.5
1;2;7;3;1946;121;2.5
1;2;7;1;2311;121;2.5
1;2;7;2;2311;121;2.5
1;2;7;3;2311;121;2.5
2;1;1;1;1;1;2.5
2;1;1;2;1;1;2.5
2;1;1;1;366;1;2.5
2;1;1;2;366;1;2.5
2;1;1;1;731;1;2.5
2;1;1;2;731;1;2.5
2;1;1;1;1096;1;2.5
2;1;1;2;1096;1;2.5
2;1;1;1;1461;1;2.5
2;1;1;2;1461;1;2.5
2;1;1;1;1826;1;2.5
2;1;1;2;1826;1;2.5
2;1;1;1;2191;1;2.5
2;1;1;2;2191;1;2.5
3;2;7;1;152;152;2.5
3;2;7;2;152;152;2.5
3;2;7;3;152;152;2.5
3;2;7;1;517;152;2.5
3;2;7;2;517;152;2.5
3;2;7;3;517;152;2.5
3;2;7;1;882;152;2.5
3;2;7;2;882;152;2.5
3;2;7;3;882;152;2.5
3;2;7;1;1247;152;2.5
3;2;7;2;1247;152;2.5
3;2;7;3;1247;152;2.5
3;2;7;1;1612;152;2.5
3;2;7;2;1612;152;2.5
3;2;7;3;1612;152;2.5
3;2;7;1;1977;152;2.5
3;2;7;2;1977;152;2.5
3;2;7;3;1977;152;2.5
3;2;7;1;2342;152;2.5
3;2;7;2;2342;152;2.5
3;2;7;3;2342;152;2.5
4;2;7;1;182;182;2.5
4;2;7;2;182;182;2.5
4;2;7;3;182;182;2.5
4;2;7;1;547;182;2.5
4;2;7;2;547;182;2.5
4;2;7;3;547;182;2.5
4;2;7;1;912;182;2.5
4;2;7;2;912;182;2.5
4;2;7;3;912;182;2.5
4;2;7;1;1277;182;2.5
4;2;7;2;1277;182;2.5
4;2;7;3;1277;182;2.5
4;2;7;1;1642;182;2.5
4;2;7;2;1642;182;2.5
4;2;7;3;1642;182;2.5
4;2;7;1;2007;182;2.5
4;2;7;2;2007;182;2.5
4;2;7;3;2007;182;2.5
4;2;7;1;2372;182;2.5
4;2;7;2;2372;182;2.5
4;2;7;3;2372;182;2.5
5;2;2;1;182;182;2.5
5;2;2;2;182;182;2.5
5;2;2;3;182;182;2.5
5;2;2;1;547;182;2.5
5;2;2;2;547;182;2.5
5;2;2;3;547;182;2.5
5;2;2;1;912;182;2.5
5;2;2;2;912;182;2.5
5;2;2;3;912;182;2.5
5;2;2;1;1277;182;2.5
5;2;2;2;1277;182;2.5
5;2;2;3;1277;182;2.5
5;2;2;1;1642;182;2.5
5;2;2;2;1642;182;2.5
5;2;2;3;1642;182;2.5
5;2;2;1;2007;182;2.5
5;2;2;2;2007;182;2.5
5;2;2;3;2007;182;2.5
5;2;2;1;2372;182;2.5
5;2;2;2;2372;182;2.5
5;2;2;3;2372;182;2.5
6;2;7;1;152;152;2.5
6;2;7;2;152;152;2.5
6;2;7;3;152;152;2.5
6;2;7;1;517;152;2.5
6;2;7;2;517;152;2.5
6;2;7;3;517;152;2.5
6;2;7;1;882;152;2.5
6;2;7;2;882;152;2.5
6;2;7;3;882;152;2.5
6;2;7;1;1247;152;2.5
6;2;7;2;1247;152;2.5
6;2;7;3;1247;152;2.5
6;2;7;1;1612;152;2.5
6;2;7;2;1612;152;2.5
6;2;7;3;1612;152;2.5
6;2;7;1;1977;152;2.5
6;2;7;2;1977;152;2.5
6;2;7;3;1977;152;2.5
6;2;7;1;2342;152;2.5
6;2;7;2;2342;152;2.5
6;2;7;3;2342;152;2.5
7;2;2;1;182;182;2.5
7;2;2;2;182;182;2.5
7;2;2;3;182;182;2.5
7;2;2;1;547;182;2.5
7;2;2;2;547;182;2.5
7;2;2;3;547;182;2.5
7;2;2;1;912;182;2.5
7;2;2;2;912;182;2.5
7;2;2;3;912;182;2.5
7;2;2;1;1277;182;2.5
7;2;2;2;1277;182;2.5
7;2;2;3;1277;182;2.5
7;2;2;1;1642;182;2.5
7;2;2;2;1642;182;2.5
7;2;2;3;1642;182;2.5
7;2;2;1;2007;182;2.5
7;2;2;2;2007;182;2.5
7;2;2;3;2007;182;2.5
7;2;2;1;2372;182;2.5
7;2;2;2;2372;182;2.5
7;2;2;3;2372;182;2.5
8;2;2;1;152;152;2.5
8;2;2;2;152;152;2.5
8;2;2;3;152;152;2.5
8;2;2;1;517;152;2.5
8;2;2;2;517;152;2.5
8;2;2;3;517;152;2.5
8;2;2;1;882;152;2.5
8;2;2;2;882;152;2.5
8;2;2;3;882;152;2.5
8;2;2;1;1247;152;2.5
8;2;2;2;1247;152;2.5
8;2;2;3;1247;152;2.5
8;2;2;1;1612;152;2.5
8;2;2;2;1612;152;2.5
8;2;2;3;1612;152;2.5
8;2;2;1;1977;152;2.5
8;2;2;2;1977;152;2.5
8;2;2;3;1977;152;2.5
8;2;2;1;2342;152;2.5
8;2;2;2;2342;152;2.5
8;2;2;3;2342;152;2.5
9;2;7;1;213;213;2.5
9;2;7;2;213;213;2.5
9;2;7;3;213;213;2.5
9;2;7;1;578;213;2.5
9;2;7;2;578;213;2.5
9;2;7;3;578;213;2.5
9;2;7;1;943;213;2.5
9;2;7;2;943;213;2.5
9;2;7;3;943;213;2.5
9;2;7;1;1308;213;2.5
9;2;7;2;1308;213;2.5
9;2;7;3;1308;213;2.5
9;2;7;1;1673;213;2.5
9;2;7;2;1673;213;2.5
9;2;7;3;1673;213;2.5
9;2;7;1;2038;213;2.5
9;2;7;2;2038;213;2.5
9;2;7;3;2038;213;2.5
9;2;7;1;2403;213;2.5
9;2;7;2;2403;213;2.5
9;2;7;3;2403;213;2.5
10;1;2;1;274;274;2.5
10;1;2;2;274;274;2.5
10;1;2;3;274;274;2.5
10;1;2;1;639;274;2.5
10;1;2;2;639;274;2.5
10;1;2;3;639;274;2.5
10;1;2;1;1004;274;2.5
10;1;2;2;1004;274;2.5
10;1;2;3;1004;274;2.5
10;1;2;1;1369;274;2.5
10;1;2;2;1369;274;2.5
10;1;2;3;1369;274;2.5
10;1;2;1;1734;274;2.5
10;1;2;2;1734;274;2.5
10;1;2;3;1734;274;2.5
10;1;2;1;2099;274;2.5
10;1;2;2;2099;274;2.5
10;1;2;3;2099;274;2.5
10;1;2;1;2464;274;2.5
10;1;2;2;2464;274;2.5
10;1;2;3;2464;274;2.5
11;2;1;1;1;1;2.5
11;2;1;2;1;1;2.5
11;2;1;3;1;1;2.5
11;2;1;1;366;1;2.5
11;2;1;2;366;1;2.5
11;2;1;3;366;1;2.5
11;2;1;1;731;1;2.5
11;2;1;2;731;1;2.5
11;2;1;3;731;1;2.5
11;2;1;1;1096;1;2.5
11;2;1;2;1096;1;2.5
11;2;1;3;1096;1;2.5
11;2;1;1;1461;1;2.5
11;2;1;2;1461;1;2.5
11;2;1;3;1461;1;2.5
11;2;1;1;1826;1;2.5
11;2;1;2;1826;1;2.5
11;2;1;3;1826;1;2.5
11;2;1;1;2191;1;2.5
11;2;1;2;2191;1;2.5
11;2;1;3;2191;1;2.5
12;2;7;1;1;1;2.5
12;2;7;2;1;1;2.5
12;2;7;3;1;1;2.5
12;2;7;1;366;1;2.5
12;2;7;2;366;1;2.5
12;2;7;3;366;1;2.5
12;2;7;1;731;1;2.5
12;2;7;2;731;1;2.5
12;2;7;3;731;1;2.5
12;2;7;1;1096;1;2.5
12;2;7;2;1096;1;2.5
12;2;7;3;1096;1;2.5
12;2;7;1;1461;1;2.5
12;2;7;2;1461;1;2.5
12;2;7;3;1461;1;2.5
12;2;7;1;1826;1;2.5
12;2;7;2;1826;1;2.5
12;2;7;3;1826;1;2.5
12;2;7;1;2191;1;2.5
12;2;7;2;2191;1;2.5
12;2;7;3;2191;1;2.5
13;1;2;2;1;1;2.5
13;1;2;2;366;1;2.5
13;1;2;2;731;1;2.5
13;1;2;2;1096;1;2.5
13;1;2;2;1461;1;2.5
13;1;2;2;1826;1;2.5
13;1;2;2;2191;1;2.5
14;2;1;1;91;91;2.5
14;2;1;2;91;91;2.5
14;2;1;1;456;91;2.5
14;2;1;2;456;91;2.5
14;2;1;1;821;91;2.5
14;2;1;2;821;91;2.5
14;2;1;1;1186;91;2.5
14;2;1;2;1186;91;2.5
14;2;1;1;1551;91;2.5
14;2;1;2;1551;91;2.5
14;2;1;1;1916;91;2.5
14;2;1;2;1916;91;2.5
14;2;1;1;2281;91;2.5
14;2;1;2;2281;91;2.5
15;2;1;1;1;1;2.5
15;2;1;2;1;1;2.5
15;2;1;3;1;1;2.5
15;2;1;1;335;335;2.5
15;2;1;2;335;335;2.5
15;2;1;3;335;335;2.5
15;2;1;1;366;1;2.5
15;2;1;2;366;1;2.5
15;2;1;3;366;1;2.5
15;2;1;1;700;335;2.5
15;2;1;2;700;335;2.5
15;2;1;3;700;335;2.5
15;2;1;1;731;1;2.5
15;2;1;2;731;1;2.5
15;2;1;3;731;1;2.5
15;2;1;1;1065;335;2.5
15;2;1;2;1065;335;2.5
15;2;1;3;1065;335;2.5
15;2;1;1;1096;1;2.5
15;2;1;2;1096;1;2.5
15;2;1;3;1096;1;2.5
15;2;1;1;1430;335;2.5
15;2;1;2;1430;335;2.5
15;2;1;3;1430;335;2.5
15;2;1;1;1461;1;2.5
15;2;1;2;1461;1;2.5
15;2;1;3;1461;1;2.5
15;2;1;1;1795;335;2.5
15;2;1;2;1795;335;2.5
15;2;1;3;1795;335;2.5
15;2;1;1;1826;1;2.5
15;2;1;2;1826;1;2.5
15;2;1;3;1826;1;2.5
15;2;1;1;2160;335;2.5
15;2;1;2;2160;335;2.5
15;2;1;3;2160;335;2.5
15;2;1;1;2191;1;2.5
15;2;1;2;2191;1;2.5
15;2;1;3;2191;1;2.5
15;2;1;1;2525;335;2.5
15;2;1;2;2525;335;2.5
15;2;1;3;2525;335;2.5
