com;nombre_com;IDHL;xi;Topt;Tmin;Tmax;Rgmax;ProfR;p;ProdRef;RemV;RemM;RemD;prtvm;Norgl0;Norg0;Nmin0;Nres0;Sh0;Sh1;Fhs;t0;t1;St0;St1;Epr0;Epr1;Ek0;Ek1;Ebiom;ddcrec;falr;TNdescd;TNdescdl;TNdesch;TNMinmx;TNOrgmx;Npla;fmx;fmn;Dr;probH;ufmin;ufmax;Rar;D9243;necact
37;Siega_int;1;8.00;21.00;6.00;35.00;25.00;300.00;0.50;600.00;80.00;20.00;20.00;0.50;500.00;1.00;0.50;0.50;0.03;8.0e-03;0.40;-1.00;4.00;0.05;0.00;0.20;0.50;0.40;0.50;250.00;10000.00;2.0e-03;0.02;1.0e-03;0.05;0.02;5.0e-05;0.02;0.02;2.0e-03;0.02;0.80;0.30;0.70;0.35;no;productiv
38;Eup_pol;2;5.00;21.00;8.00;35.00;25.00;500.00;0.50;400.00;10.00;60.00;30.00;0.50;500.00;1.00;0.50;0.50;0.01;5.0e-03;0.30;-8.00;5.00;0.05;0.00;0.20;0.50;0.40;0.50;250.00;10000.00;2.0e-03;0.01;3.0e-03;0.05;0.01;5.0e-05;0.02;0.02;2.0e-03;0.02;0.50;0.10;0.40;0.45;no;sobreuso
39;Pru_spi;3;7.00;21.00;9.00;35.00;25.00;1500.00;0.50;250.00;0.10;0.10;20.00;0.50;500.00;1.00;0.50;0.50;5.0e-03;1.0e-03;0.20;5.00;9.00;0.05;0.00;0.20;0.50;0.40;0.50;300.00;1800.00;0.04;5.0e-03;4.0e-03;0.05;0.01;5.0e-05;0.01;0.04;0.04;0.02;0.50;0.10;0.40;0.50;no;abandono
40;Siega_ext;1;7.00;21.00;6.00;35.00;25.00;300.00;0.50;500.00;80.00;20.00;20.00;0.50;500.00;1.00;0.50;0.50;0.03;5.0e-03;0.30;-1.00;4.00;0.05;0.00;0.20;0.50;0.40;0.50;250.00;10000.00;2.0e-03;0.01;2.0e-03;0.05;0.02;5.0e-05;0.02;0.02;2.0e-03;0.02;0.80;0.30;0.60;0.45;si;No
1;Agr_cur;1;3.00;21.00;6.00;35.00;25.00;300.00;0.50;200.00;40.00;10.00;20.00;0.60;500.00;1.00;0.50;0.50;0.01;6.0e-03;0.70;-1.00;4.00;0.05;0.00;0.20;0.50;0.40;0.50;250.00;10000.00;2.0e-03;0.01;3.0e-03;0.05;0.01;2.5e-05;0.01;0.02;2.0e-03;0.02;0.60;0.20;0.60;0.45;no;No
2;Abedul;4;5.00;21.00;8.00;35.00;25.00;2000.00;0.50;400.00;0.10;0.10;20.00;0.50;500.00;1.00;0.50;0.50;5.0e-03;1.0e-03;0.20;4.00;8.00;0.05;0.00;0.20;0.50;0.40;0.50;400.00;1800.00;0.03;5.0e-03;4.0e-03;0.05;0.01;2.5e-05;0.01;0.03;0.03;0.02;0.30;0.00;0.20;0.50;si;No
3;Bra_pin;1;5.00;21.00;6.00;35.00;25.00;500.00;0.50;400.00;60.00;90.00;40.00;0.50;500.00;1.00;0.50;0.50;0.01;5.0e-03;0.30;-1.00;6.00;0.05;0.00;0.20;0.50;0.40;0.50;250.00;10000.00;2.0e-03;0.01;3.0e-03;0.05;0.01;5.0e-05;0.01;0.02;2.0e-03;0.02;0.60;0.20;0.50;0.45;no;abandono
4;Cal_vul;2;3.00;21.00;4.00;35.00;25.00;600.00;0.50;150.00;100.00;40.00;80.00;0.60;500.00;1.00;0.50;0.50;5.0e-03;2.0e-03;0.30;-5.00;3.00;0.05;0.00;0.20;0.50;0.40;0.50;300.00;10000.00;2.0e-03;1.0e-03;7.0e-03;0.05;0.01;2.5e-05;0.01;0.01;2.0e-03;0.02;0.30;0.10;0.30;0.50;si;No
5;Avellano;4;6.00;21.00;9.00;35.00;25.00;1500.00;0.50;500.00;0.10;0.10;20.00;0.50;500.00;1.00;0.50;0.50;5.0e-03;1.0e-03;0.20;5.00;9.00;0.05;0.00;0.20;0.50;0.40;0.50;500.00;1800.00;0.03;0.01;3.0e-03;0.05;0.01;2.5e-05;0.01;0.03;0.03;0.02;0.50;0.00;0.20;0.50;no;No
6;Cra_mon;4;7.00;21.00;9.00;35.00;25.00;1500.00;0.50;300.00;0.10;0.10;20.00;0.50;500.00;1.00;0.50;0.50;5.0e-03;1.0e-03;0.20;5.00;9.00;0.05;0.00;0.20;0.50;0.40;0.50;300.00;1800.00;0.04;0.01;3.0e-03;0.05;0.01;2.5e-05;0.01;0.04;0.04;0.02;0.70;0.00;0.20;0.50;no;No
7;F_A;1;10.00;21.00;6.00;35.00;25.00;300.00;0.50;500.00;50.00;20.00;20.00;0.50;500.00;1.00;0.50;0.50;0.03;5.0e-03;0.40;-1.00;4.00;0.05;0.00;0.20;0.50;0.40;0.50;250.00;10000.00;2.0e-03;0.02;1.0e-03;0.05;0.02;5.0e-05;0.02;0.02;2.0e-03;0.02;0.80;0.30;0.75;0.35;no;productiv
8;Eri_arb;3;2.00;21.00;6.00;35.00;25.00;1000.00;0.50;150.00;100.00;50.00;80.00;0.60;500.00;1.00;0.50;0.50;5.0e-03;2.0e-03;0.30;-10.00;-1.00;0.00;0.00;0.20;0.50;0.40;0.50;400.00;10000.00;2.0e-03;1.0e-03;7.0e-03;0.05;0.01;2.5e-05;0.01;0.01;2.0e-03;0.02;0.30;0.10;0.40;0.35;si;No
9;Brezo_bajo;2;2.00;21.00;6.00;35.00;25.00;600.00;0.50;150.00;50.00;50.00;80.00;0.60;500.00;1.00;0.25;0.50;0.01;2.0e-03;0.40;-1.00;4.00;0.05;0.00;0.20;0.50;0.40;0.50;250.00;10000.00;2.0e-03;1.0e-03;7.0e-03;0.05;0.01;2.5e-05;0.01;0.01;2.0e-03;0.02;0.30;0.10;0.35;0.50;si;No
10;Gen_occ;2;2.00;21.00;6.00;35.00;25.00;600.00;0.50;200.00;40.00;100.00;30.00;0.60;500.00;1.00;0.50;0.50;5.0e-03;2.0e-03;0.30;-8.00;3.00;0.05;0.00;0.20;0.50;0.40;0.50;400.00;10000.00;2.0e-03;5.0e-03;4.0e-03;0.05;0.01;2.5e-05;0.03;0.01;2.0e-03;0.02;0.30;0.10;0.40;0.50;si;No
11;Gen_leg;2;2.00;21.00;6.00;35.00;25.00;1000.00;0.50;150.00;30.00;60.00;30.00;0.60;500.00;1.00;0.50;0.50;5.0e-03;2.0e-03;0.30;-8.00;-1.00;0.05;0.00;0.20;0.50;0.40;0.50;300.00;10000.00;2.0e-03;5.0e-03;4.0e-03;0.05;0.01;2.5e-05;0.03;0.01;2.0e-03;0.02;0.30;0.10;0.30;0.50;si;No
12;Hel_can;1;7.00;21.00;6.00;35.00;25.00;500.00;0.50;400.00;40.00;110.00;40.00;0.50;500.00;1.00;0.50;0.50;0.01;5.0e-03;0.30;-1.00;4.00;0.05;0.00;0.20;0.50;0.40;0.50;250.00;10000.00;2.0e-03;5.0e-03;4.0e-03;0.05;0.01;5.0e-05;0.01;0.02;2.0e-03;0.02;0.20;0.10;0.40;0.45;no;No
13;Acebo;4;14.00;21.00;6.00;35.00;25.00;1500.00;0.50;200.00;20.00;30.00;50.00;0.50;500.00;1.00;0.50;0.50;5.0e-03;1.0e-03;0.20;-10.00;-1.00;0.05;0.00;0.20;0.50;0.40;0.50;1000.00;10000.00;2.0e-03;3.0e-03;5.0e-03;0.05;0.01;2.5e-05;0.01;4.0e-03;2.0e-03;0.02;0.70;0.00;0.20;0.50;si;No
14;JasDan;1;4.00;21.00;6.00;35.00;25.00;300.00;0.50;300.00;40.00;20.00;20.00;0.50;500.00;1.00;0.50;0.50;0.01;6.0e-03;0.60;-1.00;4.00;0.05;0.00;0.20;0.50;0.40;0.50;250.00;10000.00;2.0e-03;0.01;3.0e-03;0.05;0.01;2.5e-05;0.01;0.02;2.0e-03;0.02;0.70;0.25;0.65;0.35;si;No
15;Juncal;1;6.00;21.00;6.00;35.00;25.00;300.00;0.50;350.00;90.00;10.00;10.00;0.50;500.00;1.00;0.50;0.50;7.0e-03;2.0e-03;0.40;-1.00;4.00;0.05;0.00;0.20;0.50;0.40;0.50;250.00;10000.00;2.0e-03;5.0e-03;4.0e-03;0.05;0.01;2.5e-05;0.01;0.02;2.0e-03;0.02;0.60;0.10;0.40;0.35;no;abandono
16;Mesobr;1;4.00;21.00;6.00;35.00;25.00;300.00;0.50;300.00;40.00;20.00;20.00;0.50;500.00;1.00;0.50;0.50;0.01;5.0e-03;0.30;-1.00;4.00;0.05;0.00;0.20;0.50;0.40;0.50;250.00;10000.00;2.0e-03;0.01;2.0e-03;0.05;0.02;5.0e-05;0.02;0.02;2.0e-03;0.02;0.70;0.25;0.60;0.45;si;No
17;Mol_cae;1;5.00;21.00;6.00;35.00;25.00;300.00;0.50;350.00;10.00;100.00;50.00;0.60;500.00;1.00;0.50;0.50;0.01;5.0e-03;0.30;-1.00;9.00;0.05;0.00;0.20;0.50;0.40;0.50;250.00;10000.00;2.0e-03;5.0e-03;4.0e-03;0.05;0.01;2.5e-05;0.01;0.02;2.0e-03;0.02;0.40;0.10;0.40;0.35;no;abandono
18;Nar_str;1;5.00;21.00;6.00;35.00;25.00;300.00;0.50;250.00;50.00;20.00;20.00;0.60;500.00;1.00;0.50;0.50;0.01;7.5e-03;0.50;-1.00;4.00;0.05;0.00;0.20;0.50;0.40;0.50;250.00;10000.00;2.0e-03;0.01;3.0e-03;0.05;0.01;2.5e-05;0.01;0.02;2.0e-03;0.02;0.50;0.25;0.60;0.45;si;No
19;Pin_rad;4;2.00;22.00;6.00;35.00;25.00;2000.00;0.50;250.00;10.00;10.00;200.00;0.50;500.00;1.00;0.50;0.50;2.0e-03;1.0e-03;0.30;-10.00;-1.00;0.00;0.00;0.20;0.50;0.40;0.50;1000.00;10000.00;2.0e-03;1.0e-03;7.0e-03;0.05;0.01;2.5e-05;0.01;2.0e-03;2.0e-03;0.02;0.30;0.00;0.10;0.50;no;No
20;Pse_lon;1;5.00;21.00;8.00;35.00;25.00;300.00;0.50;350.00;20.00;100.00;50.00;0.60;500.00;1.00;0.25;0.50;0.01;3.5e-03;0.40;-1.00;4.00;0.05;0.00;0.20;0.50;0.40;0.50;250.00;10000.00;2.0e-03;5.0e-03;4.0e-03;0.05;0.01;2.5e-05;0.01;0.02;2.0e-03;0.02;0.40;0.20;0.50;0.45;no;abandono
21;Pte_aqu;3;5.00;21.00;9.00;35.00;25.00;500.00;0.50;300.00;0.10;200.00;80.00;0.60;500.00;1.00;0.50;0.50;0.01;5.0e-03;0.30;5.00;9.00;0.05;0.00;0.20;0.50;0.40;0.50;300.00;2200.00;2.0e-03;5.0e-03;4.0e-03;0.05;0.01;2.5e-05;0.01;0.02;2.0e-03;0.02;0.40;0.00;0.30;0.35;no;abandono
22;Encina;4;12.00;21.00;4.00;35.00;25.00;2000.00;0.50;200.00;10.00;100.00;100.00;0.50;500.00;1.00;0.50;0.50;5.0e-03;1.0e-03;0.20;-10.00;-1.00;0.00;0.00;0.20;0.50;0.40;0.50;800.00;10000.00;2.0e-03;3.0e-03;5.0e-03;0.05;0.01;2.5e-05;0.01;4.0e-03;2.0e-03;0.02;0.30;0.00;0.20;0.50;si;No
23;Rebollo;4;5.00;21.00;7.00;35.00;25.00;2000.00;0.50;400.00;0.10;0.10;100.00;0.50;500.00;1.00;0.50;0.50;5.0e-03;1.0e-03;0.20;3.00;7.00;0.05;0.00;0.20;0.50;0.40;0.50;400.00;1800.00;0.01;3.0e-03;5.0e-03;0.05;0.01;2.5e-05;0.01;0.01;0.01;0.02;0.30;0.00;0.20;0.50;si;No
24;Roble;4;12.00;21.00;8.00;35.00;25.00;2000.00;0.50;500.00;0.10;0.10;100.00;0.50;500.00;1.00;0.50;0.50;5.0e-03;1.0e-03;0.20;4.00;8.00;0.05;0.00;0.20;0.50;0.40;0.50;500.00;1800.00;0.03;3.0e-03;5.0e-03;0.05;0.01;2.5e-05;0.01;0.03;0.03;0.02;0.30;0.00;0.20;0.50;no;No
25;Rubus;2;4.00;21.00;6.00;35.00;25.00;600.00;0.50;200.00;150.00;300.00;50.00;0.50;500.00;1.00;0.50;0.50;5.0e-03;2.0e-03;0.20;-8.00;2.00;0.05;0.00;0.20;0.50;0.40;0.50;200.00;1500.00;2.0e-03;0.01;3.0e-03;0.05;0.01;5.0e-05;0.01;0.01;2.0e-03;0.02;0.30;0.10;0.40;0.35;no;abandono
26;Sen_aqu;1;5.00;21.00;6.00;35.00;25.00;300.00;0.50;300.00;10.00;40.00;20.00;0.50;500.00;1.00;0.50;0.50;0.01;2.0e-03;0.40;-1.00;4.00;0.05;0.00;0.20;0.50;0.40;0.50;250.00;10000.00;2.0e-03;0.01;3.0e-03;0.05;0.01;2.5e-05;0.02;0.02;2.0e-03;0.02;0.60;0.10;0.40;0.35;no;sobreuso
27;Sen_jac;1;4.00;21.00;6.00;35.00;25.00;300.00;0.50;300.00;10.00;40.00;20.00;0.50;500.00;1.00;0.50;0.50;0.01;5.0e-03;0.30;-1.00;4.00;0.05;0.00;0.20;0.50;0.40;0.50;250.00;10000.00;2.0e-03;0.01;3.0e-03;0.05;0.01;5.0e-05;0.02;0.02;2.0e-03;0.02;0.80;0.10;0.40;0.35;no;sobreuso
28;Ulex_gal;2;5.00;21.00;6.00;35.00;25.00;600.00;0.50;300.00;50.00;100.00;50.00;0.50;500.00;1.00;0.35;0.50;0.01;2.0e-03;0.40;-1.00;4.00;0.05;0.00;0.20;0.50;0.40;0.50;250.00;10000.00;2.0e-03;5.0e-03;4.0e-03;0.05;0.01;5.0e-05;0.02;0.01;2.0e-03;0.02;0.30;0.15;0.40;0.35;no;abandono
29;Vac_myr;2;4.00;21.00;8.00;35.00;25.00;500.00;0.50;250.00;10.00;60.00;40.00;0.60;500.00;1.00;0.50;0.50;5.0e-03;2.0e-03;0.30;4.00;8.00;0.05;0.00;0.20;0.50;0.40;0.50;250.00;1800.00;0.03;5.0e-03;4.0e-03;0.05;0.01;2.5e-05;0.01;0.03;0.03;0.02;0.30;0.10;0.30;0.50;si;No
30;Haya;4;8.00;21.00;9.00;35.00;25.00;2000.00;0.50;500.00;0.10;0.10;70.00;0.50;500.00;1.00;0.50;0.50;5.0e-03;1.0e-03;0.20;5.00;9.00;0.05;0.00;0.20;0.50;0.40;0.50;500.00;1800.00;0.05;5.0e-03;4.0e-03;0.05;0.01;2.5e-05;0.01;0.05;0.05;0.02;0.30;0.00;0.20;0.50;si;No
31;Jun_alp;2;4.00;21.00;5.00;35.00;25.00;1000.00;0.50;100.00;50.00;20.00;50.00;0.60;500.00;1.00;0.50;0.50;5.0e-03;2.0e-03;0.30;-8.00;-1.00;0.05;0.00;0.20;0.50;0.40;0.50;300.00;10000.00;2.0e-03;1.0e-03;7.0e-03;0.05;0.01;2.5e-05;0.01;0.01;2.0e-03;0.02;0.30;0.00;0.30;0.50;si;No
32;Escobas;3;4.00;21.00;6.00;35.00;25.00;2000.00;0.50;100.00;100.00;20.00;30.00;0.50;500.00;1.00;0.50;0.50;5.0e-03;2.0e-03;0.30;-8.00;-1.00;0.05;0.00;0.20;0.50;0.40;0.50;400.00;1400.00;0.03;5.0e-03;4.0e-03;0.05;0.01;2.5e-05;0.03;0.03;0.03;0.02;0.60;0.00;0.30;0.50;si;No
33;Fes_esk;1;4.00;21.00;5.00;35.00;25.00;1000.00;0.50;100.00;10.00;80.00;40.00;0.50;500.00;1.00;0.50;0.50;1.0e-03;5.0e-04;0.30;-1.00;4.00;0.05;0.00;0.20;0.50;0.40;0.50;250.00;10000.00;2.0e-03;0.01;3.0e-03;0.05;0.01;5.0e-05;0.01;0.02;2.0e-03;0.02;0.50;0.20;0.50;0.45;si;No
34;Fes_hys;1;4.00;21.00;4.00;35.00;25.00;300.00;0.50;100.00;5.00;5.00;5.00;0.50;500.00;1.00;0.50;0.50;1.0e-03;5.0e-04;0.30;-5.00;-1.00;0.05;0.00;0.20;0.50;0.40;0.50;250.00;10000.00;2.0e-03;0.01;3.0e-03;0.05;0.01;5.0e-05;0.01;0.02;2.0e-03;0.02;0.40;0.10;0.50;0.50;si;No
35;Sauce;4;4.00;21.00;6.00;35.00;25.00;2000.00;0.50;100.00;0.10;0.10;50.00;0.50;500.00;1.00;0.50;0.50;5.0e-03;1.0e-03;0.30;-8.00;-1.00;0.05;0.00;0.20;0.50;0.40;0.50;400.00;1400.00;0.03;0.01;3.0e-03;0.05;0.01;2.5e-05;0.01;0.03;0.03;0.02;0.30;0.00;0.20;0.50;no;No
36;Armerion;1;4.00;21.00;5.00;35.00;25.00;400.00;0.50;100.00;10.00;10.00;10.00;0.50;500.00;1.00;0.50;0.50;3.0e-03;1.0e-03;0.30;-8.00;4.00;0.05;0.00;0.20;0.00;0.40;0.50;250.00;10000.00;2.0e-03;0.01;3.0e-03;0.05;0.01;5.0e-05;0.02;0.02;2.0e-03;0.02;0.50;0.30;0.60;0.45;si;No
41;Ulex_eur;3;6.00;21.00;9.00;35.00;25.00;1000.00;0.50;400.00;100.00;200.00;100.00;0.50;500.00;1.00;0.50;0.50;0.01;2.0e-03;0.40;0.00;8.00;0.05;0.00;0.20;0.50;0.40;0.50;250.00;10000.00;2.0e-03;5.0e-03;4.0e-03;0.05;0.01;5.0e-05;0.02;0.01;2.0e-03;0.02;0.30;0.15;0.40;0.35;0;abandono
